# Wavelength (Å), Efficiency
1.000000000000000021e-02,1.203984071671831795e-02
2.000000000000000042e-02,2.407907106800296834e-02
2.999999999999999889e-02,3.626940518053399509e-02
4.000000000000000083e-02,4.795455271927468593e-02
5.000000000000000278e-02,5.983124356715438519e-02
6.000000000000000472e-02,7.095993901771603662e-02
6.999999999999999278e-02,8.328625682258083973e-02
8.000000000000000167e-02,9.437484157278662467e-02
8.999999999999999667e-02,1.049987258861208028e-01
9.999999999999999167e-02,1.166777528190745677e-01
1.100000000000000006e-01,1.271872184379430892e-01
1.199999999999999956e-01,1.369808791385488667e-01
1.300000000000000044e-01,1.484606183898224685e-01
1.400000000000000133e-01,1.578201545691107488e-01
1.500000000000000222e-01,1.678958981287617946e-01
1.600000000000000033e-01,1.786730603714199728e-01
1.700000000000000122e-01,1.879163650617503845e-01
1.800000000000000211e-01,1.972613259322307799e-01
1.900000000000000022e-01,2.077276698739115579e-01
2.000000000000000111e-01,2.176776648948736403e-01
2.100000000000000200e-01,2.264247019988404885e-01
2.200000000000000011e-01,2.348268780605173855e-01
2.300000000000000100e-01,2.438293626154943161e-01
2.400000000000000189e-01,2.531362964727398301e-01
2.500000000000000000e-01,2.620973386223066082e-01
2.600000000000000089e-01,2.704843417942550121e-01
2.700000000000000178e-01,2.786788323812708357e-01
2.800000000000000266e-01,2.869043942119208768e-01
2.900000000000000355e-01,2.953849675692323262e-01
2.999999999999999889e-01,3.038054909380907831e-01
3.099999999999999978e-01,3.119038303766091258e-01
3.200000000000000067e-01,3.196815166246442796e-01
3.300000000000000155e-01,3.272092571599570232e-01
3.400000000000000244e-01,3.347013165927603673e-01
3.500000000000000333e-01,3.421133539999409168e-01
3.600000000000000422e-01,3.494181058610721369e-01
3.699999999999999956e-01,3.567729242321903693e-01
3.800000000000000044e-01,3.639619984920418050e-01
3.900000000000000133e-01,3.710899141584093064e-01
4.000000000000000222e-01,3.780967253659701099e-01
4.100000000000000311e-01,3.849499569288666323e-01
4.200000000000000400e-01,3.917492936254626801e-01
4.299999999999999933e-01,3.984268302217572888e-01
4.400000000000000022e-01,4.050294439279366610e-01
4.500000000000000111e-01,4.116009022572841847e-01
4.600000000000000200e-01,4.180407667472402222e-01
4.700000000000000289e-01,4.244027501841690642e-01
4.800000000000000377e-01,4.307971887724720284e-01
4.899999999999999911e-01,4.368623661736744657e-01
5.000000000000000000e-01,4.429981840815602756e-01
5.100000000000000089e-01,4.490358770139416533e-01
5.200000000000000178e-01,4.550039331213636684e-01
5.300000000000000266e-01,4.608637224444797065e-01
5.400000000000000355e-01,4.666170732117853048e-01
5.500000000000000444e-01,4.723542333588447439e-01
5.600000000000000533e-01,4.778289460942866662e-01
5.700000000000000622e-01,4.833502080947292834e-01
5.800000000000000711e-01,4.889218939594864310e-01
5.899999999999999689e-01,4.942550140853797513e-01
5.999999999999999778e-01,4.993896480886502176e-01
6.099999999999999867e-01,5.046459064273477457e-01
6.199999999999999956e-01,5.096751659782724486e-01
6.300000000000000044e-01,5.148350513241941595e-01
6.400000000000000133e-01,5.197679356784806748e-01
6.500000000000000222e-01,5.245592979982438564e-01
6.600000000000000311e-01,5.294236766770353819e-01
6.700000000000000400e-01,5.341196343966828630e-01
6.800000000000000488e-01,5.388177836737407800e-01
6.900000000000000577e-01,5.433196596470856177e-01
7.000000000000000666e-01,5.479488460852041110e-01
7.100000000000000755e-01,5.524171496911979284e-01
7.199999999999999734e-01,5.568370776479197870e-01
7.299999999999999822e-01,5.610676298944303753e-01
7.399999999999999911e-01,5.655369072838287714e-01
7.500000000000000000e-01,5.696356669763775749e-01
7.600000000000000089e-01,5.738843145261455225e-01
7.700000000000000178e-01,5.780053637870439243e-01
7.800000000000000266e-01,5.820529037732928845e-01
7.900000000000000355e-01,5.859702823560641871e-01
8.000000000000000444e-01,5.899059604514205191e-01
8.100000000000000533e-01,5.937682389300028563e-01
8.200000000000000622e-01,5.975268522550171157e-01
8.300000000000000711e-01,6.012551174998148618e-01
8.400000000000000799e-01,6.050296759640089173e-01
8.499999999999999778e-01,6.086677175939732010e-01
8.599999999999999867e-01,6.122781953366291940e-01
8.699999999999999956e-01,6.158136206956258407e-01
8.800000000000000044e-01,6.193845730781488701e-01
8.900000000000000133e-01,6.228387527884813313e-01
9.000000000000000222e-01,6.262047996474627842e-01
9.100000000000000311e-01,6.295921872903206262e-01
9.200000000000000400e-01,6.329807790141838142e-01
9.300000000000000488e-01,6.361807339261714711e-01
9.400000000000000577e-01,6.394044207374988131e-01
9.500000000000000666e-01,6.425755589254616984e-01
9.600000000000000755e-01,6.456765317961636885e-01
9.699999999999999734e-01,6.486626121187966110e-01
9.799999999999999822e-01,6.517657620554351272e-01
9.899999999999999911e-01,6.548481600679724179e-01
1.000000000000000000e+00,6.576701813223949644e-01
1.010000000000000009e+00,6.607213752734313328e-01
1.020000000000000018e+00,6.634002336180548909e-01
1.030000000000000027e+00,6.661991528408589547e-01
1.040000000000000036e+00,6.690112741344350633e-01
1.050000000000000044e+00,6.717271462775464830e-01
1.060000000000000053e+00,6.743874070295935441e-01
1.070000000000000062e+00,6.769373757606080844e-01
1.080000000000000071e+00,6.796693978020672544e-01
1.090000000000000080e+00,6.822700608537267675e-01
1.100000000000000089e+00,6.850227132432979982e-01
1.110000000000000098e+00,6.874566523874559021e-01
1.120000000000000107e+00,6.899685985816050859e-01
1.130000000000000115e+00,6.923525684662575896e-01
1.140000000000000124e+00,6.946019021006614169e-01
1.150000000000000133e+00,6.971164683421249286e-01
1.160000000000000142e+00,6.993851883152696347e-01
1.169999999999999929e+00,7.017755091918991273e-01
1.179999999999999938e+00,7.041026524439550904e-01
1.189999999999999947e+00,7.063528312570999113e-01
1.199999999999999956e+00,7.083842198985381700e-01
1.209999999999999964e+00,7.107860271264161423e-01
1.219999999999999973e+00,7.127036667536019721e-01
1.229999999999999982e+00,7.148884432937248068e-01
1.239999999999999991e+00,7.171049024106520564e-01
1.250000000000000000e+00,7.191025501205291492e-01
1.260000000000000009e+00,7.211216479386757250e-01
1.270000000000000018e+00,7.230997678719647270e-01
1.280000000000000027e+00,7.251182554045831896e-01
1.290000000000000036e+00,7.271186036328128877e-01
1.300000000000000044e+00,7.289242385052121520e-01
1.310000000000000053e+00,7.310608498365127605e-01
1.320000000000000062e+00,7.327662032988623286e-01
1.330000000000000071e+00,7.345287985924491281e-01
1.340000000000000080e+00,7.362870407729300570e-01
1.350000000000000089e+00,7.381121154363512460e-01
1.360000000000000098e+00,7.398611670906958260e-01
1.370000000000000107e+00,7.417038694414483935e-01
1.380000000000000115e+00,7.433858241768538377e-01
1.390000000000000124e+00,7.450543274660580417e-01
1.400000000000000133e+00,7.467649330000738495e-01
1.410000000000000142e+00,7.483895757162366547e-01
1.419999999999999929e+00,7.499887979450555742e-01
1.429999999999999938e+00,7.517064820085341825e-01
1.439999999999999947e+00,7.532830176082222495e-01
1.449999999999999956e+00,7.547730867385239462e-01
1.459999999999999964e+00,7.562975982327982960e-01
1.469999999999999973e+00,7.578000723882312162e-01
1.479999999999999982e+00,7.593818617650986980e-01
1.489999999999999991e+00,7.608395449041358560e-01
1.500000000000000000e+00,7.623526002702396553e-01
1.510000000000000009e+00,7.638444537688799940e-01
1.520000000000000018e+00,7.650520951669099734e-01
1.530000000000000027e+00,7.664984224693307535e-01
1.540000000000000036e+00,7.679107283136882289e-01
1.550000000000000044e+00,7.692601418816904513e-01
1.560000000000000053e+00,7.705319434505980558e-01
1.570000000000000062e+00,7.719644165059001972e-01
1.580000000000000071e+00,7.731640601971211391e-01
1.590000000000000080e+00,7.743222539840423080e-01
1.600000000000000089e+00,7.755385253799045309e-01
1.610000000000000098e+00,7.769971193300014844e-01
1.620000000000000107e+00,7.782127063200247052e-01
1.630000000000000115e+00,7.793975205451977306e-01
1.640000000000000124e+00,7.804406129669638759e-01
1.650000000000000133e+00,7.815905583566578052e-01
1.660000000000000142e+00,7.827482739565516656e-01
1.670000000000000151e+00,7.840661005236184700e-01
1.679999999999999938e+00,7.852689488083552938e-01
1.689999999999999947e+00,7.862925829225757557e-01
1.699999999999999956e+00,7.873411067246522954e-01
1.709999999999999964e+00,7.884416357284343979e-01
1.719999999999999973e+00,7.895097952691721988e-01
1.729999999999999982e+00,7.906163857704843201e-01
1.739999999999999991e+00,7.914837914720465051e-01
1.750000000000000000e+00,7.925349181325516135e-01
1.760000000000000009e+00,7.936369748775947697e-01
1.770000000000000018e+00,7.947758045012650596e-01
1.780000000000000027e+00,7.956248599235147267e-01
1.790000000000000036e+00,7.966331924119874897e-01
1.800000000000000044e+00,7.975883601184272642e-01
1.810000000000000053e+00,7.984205332324795235e-01
1.820000000000000062e+00,7.993462310476512345e-01
1.830000000000000071e+00,8.003851275016813371e-01
1.840000000000000080e+00,8.013700701771496737e-01
1.850000000000000089e+00,8.020636718010512034e-01
1.860000000000000098e+00,8.027811181311821365e-01
1.870000000000000107e+00,8.037006915759045134e-01
1.880000000000000115e+00,8.045647583403447989e-01
1.890000000000000124e+00,8.054194705340854687e-01
1.900000000000000133e+00,8.061627334249991117e-01
1.910000000000000142e+00,8.070398587980825988e-01
1.920000000000000151e+00,8.076941050298490632e-01
1.929999999999999938e+00,8.086049155501505714e-01
1.939999999999999947e+00,8.096067396664372584e-01
1.949999999999999956e+00,8.103382463747967890e-01
1.959999999999999964e+00,8.110137150542857665e-01
1.969999999999999973e+00,8.119095319950748735e-01
1.979999999999999982e+00,8.125723623827438846e-01
1.989999999999999991e+00,8.130136931775479026e-01
2.000000000000000000e+00,8.139717372504159387e-01
2.009999999999999787e+00,8.145730541235773892e-01
2.020000000000000018e+00,8.153617783793803975e-01
2.029999999999999805e+00,8.161228811470657707e-01
2.040000000000000036e+00,8.167788324525270260e-01
2.049999999999999822e+00,8.174825202899902443e-01
2.059999999999999609e+00,8.181265431010688038e-01
2.069999999999999840e+00,8.188853186111220150e-01
2.079999999999999627e+00,8.194847806456544426e-01
2.089999999999999858e+00,8.202755887717135819e-01
2.099999999999999645e+00,8.209246350541813397e-01
2.109999999999999876e+00,8.212471877922208341e-01
2.119999999999999662e+00,8.219976963629139766e-01
2.129999999999999893e+00,8.224447094726666796e-01
2.139999999999999680e+00,8.230328131020249183e-01
2.149999999999999911e+00,8.236730991170265748e-01
2.159999999999999698e+00,8.242875298346037383e-01
2.169999999999999929e+00,8.248305621745380956e-01
2.179999999999999716e+00,8.254134163533124458e-01
2.189999999999999947e+00,8.258711940708113319e-01
2.199999999999999734e+00,8.264134279640462655e-01
2.209999999999999964e+00,8.269569793478669384e-01
2.219999999999999751e+00,8.271953055891938522e-01
2.229999999999999982e+00,8.280015586807443206e-01
2.239999999999999769e+00,8.285933203147005655e-01
2.250000000000000000e+00,8.291090342749350972e-01
2.259999999999999787e+00,8.296397454691244455e-01
2.270000000000000018e+00,8.301020038271379464e-01
2.279999999999999805e+00,8.307121660255973872e-01
2.290000000000000036e+00,8.311597282222590310e-01
2.299999999999999822e+00,8.314721746912343558e-01
2.310000000000000053e+00,8.320569077417906412e-01
2.319999999999999840e+00,8.325236242461693248e-01
2.329999999999999627e+00,8.329877864328908421e-01
2.339999999999999858e+00,8.334512242083633726e-01
2.349999999999999645e+00,8.338418650037346946e-01
2.359999999999999876e+00,8.341063901550058723e-01
2.369999999999999662e+00,8.345332046289114514e-01
2.379999999999999893e+00,8.351524602313209478e-01
2.389999999999999680e+00,8.356120687843826556e-01
2.399999999999999911e+00,8.358540646576816391e-01
2.409999999999999698e+00,8.361745563254591174e-01
2.419999999999999929e+00,8.367880514070681341e-01
2.429999999999999716e+00,8.371601061891592588e-01
2.439999999999999947e+00,8.374874179666358387e-01
2.449999999999999734e+00,8.377992749508025305e-01
2.459999999999999964e+00,8.381717763216270933e-01
2.469999999999999751e+00,8.386617631190518285e-01
2.479999999999999982e+00,8.390871733777136576e-01
2.489999999999999769e+00,8.392996446206791861e-01
2.500000000000000000e+00,8.397037789187851153e-01
2.509999999999999787e+00,8.400516995586621016e-01
2.520000000000000018e+00,8.403084355228044311e-01
2.529999999999999805e+00,8.407386348312787527e-01
2.540000000000000036e+00,8.411086915057864877e-01
2.549999999999999822e+00,8.414320885759016821e-01
2.560000000000000053e+00,8.417800628775653493e-01
2.569999999999999840e+00,8.420939524143566945e-01
2.579999999999999627e+00,8.423592845224470160e-01
2.589999999999999858e+00,8.424610091545281509e-01
2.599999999999999645e+00,8.427535284727609710e-01
2.609999999999999876e+00,8.431244317852120140e-01
2.619999999999999662e+00,8.433756537081187332e-01
2.629999999999999893e+00,8.437227029198217654e-01
2.639999999999999680e+00,8.441230278568579992e-01
2.649999999999999911e+00,8.445494315618544690e-01
2.659999999999999698e+00,8.448055058819712304e-01
2.669999999999999929e+00,8.449631785725806310e-01
2.679999999999999716e+00,8.452610149613011270e-01
2.689999999999999947e+00,8.455731156762789080e-01
2.699999999999999734e+00,8.458961310035612025e-01
2.709999999999999964e+00,8.459916251004954146e-01
2.719999999999999751e+00,8.461187733374549991e-01
2.729999999999999982e+00,8.462946850200268045e-01
2.739999999999999769e+00,8.469127335685867619e-01
2.750000000000000000e+00,8.473582944717569232e-01
2.759999999999999787e+00,8.471959080075164294e-01
2.770000000000000018e+00,8.472235641847685184e-01
2.779999999999999805e+00,8.473794408602434158e-01
2.790000000000000036e+00,8.479598977746067856e-01
2.799999999999999822e+00,8.482957046161829773e-01
2.810000000000000053e+00,8.483869056413564369e-01
2.819999999999999840e+00,8.487971208237842236e-01
2.829999999999999627e+00,8.490908087974230467e-01
2.839999999999999858e+00,8.489470751308304530e-01
2.849999999999999645e+00,8.491649022508254152e-01
2.859999999999999876e+00,8.495920223522039905e-01
2.869999999999999662e+00,8.498813368404676272e-01
2.879999999999999893e+00,8.500856420132528735e-01
2.889999999999999680e+00,8.501322132805968490e-01
2.899999999999999911e+00,8.501525895560411161e-01
2.909999999999999698e+00,8.501587870241267275e-01
2.919999999999999929e+00,8.502543392769783548e-01
2.929999999999999716e+00,8.504647407234132706e-01
2.939999999999999947e+00,8.509177811967423288e-01
2.949999999999999734e+00,8.512131040707709984e-01
2.959999999999999964e+00,8.514163356524726556e-01
2.969999999999999751e+00,8.514550882856248837e-01
2.979999999999999982e+00,8.515612411526610748e-01
2.989999999999999769e+00,8.519436667443999189e-01
3.000000000000000000e+00,8.522381796538266441e-01
3.009999999999999787e+00,8.524479629005451420e-01
3.020000000000000018e+00,8.524704524318525989e-01
3.029999999999999805e+00,8.524445580412042256e-01
3.040000000000000036e+00,8.525807259553461748e-01
3.049999999999999822e+00,8.527280861155935865e-01
3.060000000000000053e+00,8.529075937931416274e-01
3.069999999999999840e+00,8.529273743788100548e-01
3.080000000000000071e+00,8.528077518356370623e-01
3.089999999999999858e+00,8.530406550984210856e-01
3.099999999999999645e+00,8.533792686147174678e-01
3.109999999999999876e+00,8.534634276665356012e-01
3.119999999999999662e+00,8.535883899598901703e-01
3.129999999999999893e+00,8.539124333587304605e-01
3.139999999999999680e+00,8.541928000416295630e-01
3.149999999999999911e+00,8.544090408947547788e-01
3.159999999999999698e+00,8.545070813615280869e-01
3.169999999999999929e+00,8.545200759003407365e-01
3.179999999999999716e+00,8.545908573389346952e-01
3.189999999999999947e+00,8.546779461499334207e-01
3.199999999999999734e+00,8.547868587675802043e-01
3.209999999999999964e+00,8.548889324837983805e-01
3.219999999999999751e+00,8.549297195395232363e-01
3.229999999999999982e+00,8.549998918428484140e-01
3.239999999999999769e+00,8.551713765062523009e-01
3.250000000000000000e+00,8.553544281933530558e-01
3.259999999999999787e+00,8.555593799623744111e-01
3.270000000000000018e+00,8.555990584038657421e-01
3.279999999999999805e+00,8.554735057544329280e-01
3.290000000000000036e+00,8.555783388535089795e-01
3.299999999999999822e+00,8.558265639948859915e-01
3.310000000000000053e+00,8.557995532730364729e-01
3.319999999999999840e+00,8.556635515961498184e-01
3.330000000000000071e+00,8.558664243601569188e-01
3.339999999999999858e+00,8.561457177339280022e-01
3.349999999999999645e+00,8.563622096003554729e-01
3.359999999999999876e+00,8.565679567309676390e-01
3.369999999999999662e+00,8.565226030906499810e-01
3.379999999999999893e+00,8.564676497315437675e-01
3.389999999999999680e+00,8.564743726409413949e-01
3.399999999999999911e+00,8.564968657536385921e-01
3.409999999999999698e+00,8.567433277157195937e-01
3.419999999999999929e+00,8.569704721080316778e-01
3.429999999999999716e+00,8.570667905528130959e-01
3.439999999999999947e+00,8.571530231093116292e-01
3.449999999999999734e+00,8.571871400783820372e-01
3.459999999999999964e+00,8.572003824565674890e-01
3.469999999999999751e+00,8.571047343534474727e-01
3.479999999999999982e+00,8.570225953710104427e-01
3.489999999999999769e+00,8.570177405789053404e-01
3.500000000000000000e+00,8.570628631421152166e-01
3.509999999999999787e+00,8.574083688432082573e-01
3.520000000000000018e+00,8.577073336836857909e-01
3.529999999999999805e+00,8.577069389464629934e-01
3.540000000000000036e+00,8.577146766079387641e-01
3.549999999999999822e+00,8.578133357945355586e-01
3.560000000000000053e+00,8.578988728230055871e-01
3.569999999999999840e+00,8.577847653545812578e-01
3.580000000000000071e+00,8.576703923673889562e-01
3.589999999999999858e+00,8.578410651985379776e-01
3.599999999999999645e+00,8.580100841786101329e-01
3.609999999999999876e+00,8.580052383418125261e-01
3.619999999999999662e+00,8.579863775760070421e-01
3.629999999999999893e+00,8.581257384690104129e-01
3.639999999999999680e+00,8.582904746393227313e-01
3.649999999999999911e+00,8.582686781199410087e-01
3.659999999999999698e+00,8.581879736795708924e-01
3.669999999999999929e+00,8.582048163779977257e-01
3.679999999999999716e+00,8.582714257507807476e-01
3.689999999999999947e+00,8.582916086679927004e-01
3.699999999999999734e+00,8.582726371505207119e-01
3.709999999999999964e+00,8.582560128675347233e-01
3.719999999999999751e+00,8.582432728384408183e-01
3.729999999999999982e+00,8.582629097853203826e-01
3.739999999999999769e+00,8.583685414813372327e-01
3.750000000000000000e+00,8.584632953586891491e-01
3.759999999999999787e+00,8.584938342937928901e-01
3.770000000000000018e+00,8.585231700090101281e-01
3.779999999999999805e+00,8.587063012580823385e-01
3.790000000000000036e+00,8.588934109931980476e-01
3.799999999999999822e+00,8.588189493317694989e-01
3.810000000000000053e+00,8.586726782534823688e-01
3.819999999999999840e+00,8.587213032844163152e-01
3.830000000000000071e+00,8.589011206317058722e-01
3.839999999999999858e+00,8.589761999866517561e-01
3.849999999999999645e+00,8.588916425148234168e-01
3.859999999999999876e+00,8.588558009690266948e-01
3.869999999999999662e+00,8.590457870332468548e-01
3.879999999999999893e+00,8.592334691950272996e-01
3.889999999999999680e+00,8.590932062674296876e-01
3.899999999999999911e+00,8.589358280509210575e-01
3.909999999999999698e+00,8.588428854340688368e-01
3.919999999999999929e+00,8.587761327811181955e-01
3.929999999999999716e+00,8.587447413254455375e-01
3.939999999999999947e+00,8.587548079029361237e-01
3.949999999999999734e+00,8.587860835184968344e-01
3.959999999999999964e+00,8.589104817121898661e-01
3.969999999999999751e+00,8.590330192428674572e-01
3.979999999999999982e+00,8.588605934836986977e-01
3.989999999999999769e+00,8.586601540447630354e-01
4.000000000000000000e+00,8.587189152324847807e-01
4.009999999999999787e+00,8.589352144343647133e-01
4.019999999999999574e+00,8.590477652394189478e-01
4.030000000000000249e+00,8.589369618271242013e-01
4.040000000000000036e+00,8.588261780627794995e-01
4.049999999999999822e+00,8.587451870146070032e-01
4.059999999999999609e+00,8.586642339037107163e-01
4.070000000000000284e+00,8.587284128502656877e-01
4.080000000000000071e+00,8.588653773379936185e-01
4.089999999999999858e+00,8.589315325854509631e-01
4.099999999999999645e+00,8.588474021605040365e-01
4.109999999999999432e+00,8.587631572112723877e-01
4.120000000000000107e+00,8.586983057313808398e-01
4.129999999999999893e+00,8.586340993272358890e-01
4.139999999999999680e+00,8.586153072215958471e-01
4.149999999999999467e+00,8.586284517105826630e-01
4.160000000000000142e+00,8.586832087847465766e-01
4.169999999999999929e+00,8.589091414835309246e-01
4.179999999999999716e+00,8.591328592127014385e-01
4.189999999999999503e+00,8.591379980264761684e-01
4.200000000000000178e+00,8.590872043535430214e-01
4.209999999999999964e+00,8.589598102871558449e-01
4.219999999999999751e+00,8.587099128689262839e-01
4.229999999999999538e+00,8.584612740928189156e-01
4.240000000000000213e+00,8.585923518858963321e-01
4.250000000000000000e+00,8.587402083158969246e-01
4.259999999999999787e+00,8.587407710452944487e-01
4.269999999999999574e+00,8.586019903877135651e-01
4.280000000000000249e+00,8.584799052209598491e-01
4.290000000000000036e+00,8.586388787228755870e-01
4.299999999999999822e+00,8.587962831498926475e-01
4.309999999999999609e+00,8.587653275990760893e-01
4.320000000000000284e+00,8.586017451800072031e-01
4.330000000000000071e+00,8.584767297043199852e-01
4.339999999999999858e+00,8.586937718232847683e-01
4.349999999999999645e+00,8.589088651212546388e-01
4.360000000000000320e+00,8.588635133712394509e-01
4.370000000000000107e+00,8.586466359366042855e-01
4.379999999999999893e+00,8.584510277079137053e-01
4.389999999999999680e+00,8.584686018765680382e-01
4.399999999999999467e+00,8.584854873041604106e-01
4.410000000000000142e+00,8.584451399241879166e-01
4.419999999999999929e+00,8.583600202432856152e-01
4.429999999999999716e+00,8.582775852090083202e-01
4.439999999999999503e+00,8.583560068040898550e-01
4.450000000000000178e+00,8.584334538409579274e-01
4.459999999999999964e+00,8.583900110718700738e-01
4.469999999999999751e+00,8.582054240374268339e-01
4.479999999999999538e+00,8.580215900983835242e-01
4.490000000000000213e+00,8.580237155007536254e-01
4.500000000000000000e+00,8.580489239849853345e-01
4.509999999999999787e+00,8.580820759393464892e-01
4.519999999999999574e+00,8.581345241882557540e-01
4.530000000000000249e+00,8.581861648752002747e-01
4.540000000000000036e+00,8.581120118096123850e-01
4.549999999999999822e+00,8.579839590489171108e-01
4.559999999999999609e+00,8.578648999718607726e-01
4.570000000000000284e+00,8.578433392927756751e-01
4.580000000000000071e+00,8.578214647108641788e-01
4.589999999999999858e+00,8.578083568501534417e-01
4.599999999999999645e+00,8.578060036336714322e-01
4.610000000000000320e+00,8.578032463530136376e-01
4.620000000000000107e+00,8.578729700331971797e-01
4.629999999999999893e+00,8.579597501719545827e-01
4.639999999999999680e+00,8.580237704156788991e-01
4.649999999999999467e+00,8.579528521364447879e-01
4.660000000000000142e+00,8.578820076210496026e-01
4.669999999999999929e+00,8.577750401954091775e-01
4.679999999999999716e+00,8.576262467059665440e-01
4.689999999999999503e+00,8.574780749406581970e-01
4.700000000000000178e+00,8.574445803671683075e-01
4.709999999999999964e+00,8.574452613978510440e-01
4.719999999999999751e+00,8.574474047700831880e-01
4.729999999999999538e+00,8.574792572856045902e-01
4.740000000000000213e+00,8.575105492469324853e-01
4.750000000000000000e+00,8.575262625850696985e-01
4.759999999999999787e+00,8.575116345646783822e-01
4.769999999999999574e+00,8.574966590318195969e-01
4.780000000000000249e+00,8.573726027779854375e-01
4.790000000000000036e+00,8.571749218311311980e-01
4.799999999999999822e+00,8.569781765992433575e-01
4.809999999999999609e+00,8.569401797383424668e-01
4.820000000000000284e+00,8.569324868777128401e-01
4.830000000000000071e+00,8.569219660791584925e-01
4.839999999999999858e+00,8.568755185902028337e-01
4.849999999999999645e+00,8.568290706681065405e-01
4.860000000000000320e+00,8.567461034527326103e-01
4.870000000000000107e+00,8.565687141624185319e-01
4.879999999999999893e+00,8.563920296170230984e-01
4.889999999999999680e+00,8.563301930736280099e-01
4.899999999999999467e+00,8.563947641062097382e-01
4.910000000000000142e+00,8.564586513509249155e-01
4.919999999999999929e+00,8.563698637824979087e-01
4.929999999999999716e+00,8.562009897121413138e-01
4.939999999999999503e+00,8.560328405074173475e-01
4.950000000000000178e+00,8.560798484505330874e-01
4.959999999999999964e+00,8.561742060518597874e-01
4.969999999999999751e+00,8.562677505106579545e-01
4.979999999999999538e+00,8.562529492022761257e-01
4.990000000000000213e+00,8.562338978773686993e-01
5.000000000000000000e+00,8.562069450280616056e-01
5.009999999999999787e+00,8.561065780393068980e-01
5.019999999999999574e+00,8.560065285242290933e-01
5.030000000000000249e+00,8.559451530691680743e-01
5.040000000000000036e+00,8.560289192852634788e-01
5.049999999999999822e+00,8.561119374809301741e-01
5.059999999999999609e+00,8.561622614534951659e-01
5.070000000000000284e+00,8.561397577108188495e-01
5.080000000000000071e+00,8.561171128857785195e-01
5.089999999999999858e+00,8.560460380194231389e-01
5.099999999999999645e+00,8.558987159042713566e-01
5.110000000000000320e+00,8.557520046163759053e-01
5.120000000000000107e+00,8.556891023747972280e-01
5.129999999999999893e+00,8.557275640310774145e-01
5.139999999999999680e+00,8.557655463716887789e-01
5.149999999999999467e+00,8.557321032136043781e-01
5.160000000000000142e+00,8.556270542498525256e-01
5.169999999999999929e+00,8.555223889354885980e-01
5.179999999999999716e+00,8.553707518808677523e-01
5.189999999999999503e+00,8.551773318463715690e-01
5.200000000000000178e+00,8.549847656095161952e-01
5.209999999999999964e+00,8.548873205371256834e-01
5.219999999999999751e+00,8.548704567639718865e-01
5.229999999999999538e+00,8.548534789557210578e-01
5.240000000000000213e+00,8.549027712547961899e-01
5.250000000000000000e+00,8.550091243515949291e-01
5.259999999999999787e+00,8.551146370915782002e-01
5.269999999999999574e+00,8.550738334373336746e-01
5.280000000000000249e+00,8.548952369147393426e-01
5.290000000000000036e+00,8.547174623722907372e-01
5.299999999999999822e+00,8.545869652739959133e-01
5.309999999999999609e+00,8.545085203092283033e-01
5.320000000000000284e+00,8.544302843114728319e-01
5.330000000000000071e+00,8.544203065551632115e-01
5.339999999999999858e+00,8.545052888691886395e-01
5.349999999999999645e+00,8.545896015373589671e-01
5.360000000000000320e+00,8.546194049663365933e-01
5.370000000000000107e+00,8.545454223102865177e-01
5.379999999999999893e+00,8.544716661490231457e-01
5.389999999999999680e+00,8.543917910708203056e-01
5.399999999999999467e+00,8.542931122200897454e-01
5.410000000000000142e+00,8.541947820408478664e-01
5.419999999999999929e+00,8.540853074798523403e-01
5.429999999999999716e+00,8.539053057014708292e-01
5.439999999999999503e+00,8.537260980453577064e-01
5.450000000000000178e+00,8.535499706194624725e-01
5.459999999999999964e+00,8.535813769949364138e-01
5.469999999999999751e+00,8.536124523707877554e-01
5.479999999999999538e+00,8.536432018203796712e-01
5.490000000000000213e+00,8.535981662635205858e-01
5.500000000000000000e+00,8.535413934384754597e-01
5.509999999999999787e+00,8.534847268599786707e-01
5.519999999999999574e+00,8.534179262571590652e-01
5.530000000000000249e+00,8.533469221854405040e-01
5.540000000000000036e+00,8.532761139834407205e-01
5.549999999999999822e+00,8.531747649854369842e-01
5.559999999999999609e+00,8.530452086570354808e-01
5.570000000000000284e+00,8.529161772989052315e-01
5.580000000000000071e+00,8.527893016116042668e-01
5.589999999999999858e+00,8.526664633662480730e-01
5.599999999999999645e+00,8.525441341074670998e-01
5.610000000000000320e+00,8.524386310847785753e-01
5.620000000000000107e+00,8.524851337135581630e-01
5.629999999999999893e+00,8.525312274814608182e-01
5.639999999999999680e+00,8.525769180191156149e-01
5.649999999999999467e+00,8.526417627745908057e-01
5.660000000000000142e+00,8.527093175650344303e-01
5.669999999999999929e+00,8.527763658813505288e-01
5.679999999999999716e+00,8.527148778216064873e-01
5.689999999999999503e+00,8.525691465062855690e-01
5.700000000000000178e+00,8.524240451253382034e-01
5.709999999999999964e+00,8.522621020352976196e-01
5.719999999999999751e+00,8.520649202884397200e-01
5.729999999999999538e+00,8.518686521174010373e-01
5.740000000000000213e+00,8.516810095675974024e-01
5.750000000000000000e+00,8.517282490169688636e-01
5.759999999999999787e+00,8.517750949224210943e-01
5.769999999999999574e+00,8.518215524741324929e-01
5.780000000000000249e+00,8.517840446601181448e-01
5.790000000000000036e+00,8.517138889691693304e-01
5.799999999999999822e+00,8.516439526277812533e-01
5.809999999999999609e+00,8.515615089020126538e-01
5.820000000000000284e+00,8.514591185410541607e-01
5.830000000000000071e+00,8.513571114080931146e-01
5.839999999999999858e+00,8.512567157643476934e-01
5.849999999999999645e+00,8.511918638805090476e-01
5.860000000000000320e+00,8.511272262052989035e-01
5.870000000000000107e+00,8.510628032073691562e-01
5.879999999999999893e+00,8.509710749280344766e-01
5.889999999999999680e+00,8.508656760882685743e-01
5.899999999999999467e+00,8.507606614483617102e-01
5.910000000000000142e+00,8.506695583951142670e-01
5.919999999999999929e+00,8.506149587199601791e-01
5.929999999999999716e+00,8.505605115501109204e-01
5.939999999999999503e+00,8.505062178880833379e-01
5.950000000000000178e+00,8.504545518351234179e-01
5.959999999999999964e+00,8.504034279589950396e-01
5.969999999999999751e+00,8.503524482122503114e-01
5.979999999999999538e+00,8.502274717056056419e-01
5.990000000000000213e+00,8.500055440211541358e-01
6.000000000000000000e+00,8.497846575689719240e-01
6.009999999999999787e+00,8.495648070897466875e-01
6.019999999999999574e+00,8.495523793349684105e-01
6.030000000000000249e+00,8.495437638197086416e-01
6.040000000000000036e+00,8.495350731970269242e-01
6.049999999999999822e+00,8.495812780398118713e-01
6.059999999999999609e+00,8.496794426980274206e-01
6.070000000000000284e+00,8.497770175668551973e-01
6.080000000000000071e+00,8.498684223727521747e-01
6.089999999999999858e+00,8.497125402089150681e-01
6.099999999999999645e+00,8.495573352410836776e-01
6.110000000000000320e+00,8.494028047420428829e-01
6.120000000000000107e+00,8.492981939072996589e-01
6.129999999999999893e+00,8.492407678280606831e-01
6.139999999999999680e+00,8.491834979011555484e-01
6.150000000000000355e+00,8.491263851747027358e-01
6.160000000000000142e+00,8.489293357735732126e-01
6.169999999999999929e+00,8.487306251641075772e-01
6.179999999999999716e+00,8.485328189624656847e-01
6.189999999999999503e+00,8.484060921870011374e-01
6.200000000000000178e+00,8.483721321222814638e-01
6.209999999999999964e+00,8.483382401514689697e-01
6.219999999999999751e+00,8.483044173093891027e-01
6.229999999999999538e+00,8.483433304716812007e-01
6.240000000000000213e+00,8.483937165032187089e-01
6.250000000000000000e+00,8.484437660254749991e-01
6.259999999999999787e+00,8.484485907076000366e-01
6.269999999999999574e+00,8.483314813885725059e-01
6.280000000000000249e+00,8.482148413985364233e-01
6.290000000000000036e+00,8.480986693177277047e-01
6.299999999999999822e+00,8.479479751655075725e-01
6.309999999999999609e+00,8.477796518162128425e-01
6.320000000000000284e+00,8.476120550576859980e-01
6.330000000000000071e+00,8.474493363281745406e-01
6.339999999999999858e+00,8.474619441047041013e-01
6.349999999999999645e+00,8.474743961071422582e-01
6.360000000000000320e+00,8.474866947752676127e-01
6.370000000000000107e+00,8.474273859735211856e-01
6.379999999999999893e+00,8.472463687291490464e-01
6.389999999999999680e+00,8.470661494713793704e-01
6.400000000000000355e+00,8.468867243426393410e-01
6.410000000000000142e+00,8.466945020033879166e-01
6.419999999999999929e+00,8.464971439695015976e-01
6.429999999999999716e+00,8.463006608914546147e-01
6.439999999999999503e+00,8.461050484483145784e-01
6.450000000000000178e+00,8.462567883174691996e-01
6.459999999999999964e+00,8.464087700192989283e-01
6.469999999999999751e+00,8.465599987977867613e-01
6.479999999999999538e+00,8.465924115130153416e-01
6.490000000000000213e+00,8.463206389101920468e-01
6.500000000000000000e+00,8.460501233028228096e-01
6.509999999999999787e+00,8.457808576837412273e-01
6.519999999999999574e+00,8.457333129390501858e-01
6.530000000000000249e+00,8.458733872668779963e-01
6.540000000000000036e+00,8.460127691959867802e-01
6.549999999999999822e+00,8.461514638400693400e-01
6.559999999999999609e+00,8.461083219900408237e-01
6.570000000000000284e+00,8.460140287105307744e-01
6.580000000000000071e+00,8.459200886041127188e-01
6.589999999999999858e+00,8.458265007778051903e-01
6.599999999999999645e+00,8.456542605930914558e-01
6.610000000000000320e+00,8.454824712398366637e-01
6.620000000000000107e+00,8.453114174324621866e-01
6.629999999999999893e+00,8.451635227677750661e-01
6.639999999999999680e+00,8.451104644538033339e-01
6.650000000000000355e+00,8.450575782043024953e-01
6.660000000000000142e+00,8.450048639749199175e-01
6.669999999999999929e+00,8.449195658679671261e-01
6.679999999999999716e+00,8.447778477917700091e-01
6.689999999999999503e+00,8.446367076750496139e-01
6.700000000000000178e+00,8.444961431377027150e-01
6.709999999999999964e+00,8.444391069120587012e-01
6.719999999999999751e+00,8.444596051932289349e-01
6.729999999999999538e+00,8.444799477259016252e-01
6.740000000000000213e+00,8.445001363336921418e-01
6.750000000000000000e+00,8.444849545500804355e-01
6.759999999999999787e+00,8.444505307380836268e-01
6.769999999999999574e+00,8.444161881131292402e-01
6.780000000000000249e+00,8.443819272359123218e-01
6.790000000000000036e+00,8.443036839342248356e-01
6.799999999999999822e+00,8.442113131152502170e-01
6.809999999999999609e+00,8.441192915881172709e-01
6.820000000000000284e+00,8.440276182099805125e-01
6.830000000000000071e+00,8.438757957107463348e-01
6.839999999999999858e+00,8.437128953277189813e-01
6.849999999999999645e+00,8.435506742843288386e-01
6.860000000000000320e+00,8.433891293645028320e-01
6.870000000000000107e+00,8.433374164195573952e-01
6.879999999999999893e+00,8.432980449147958746e-01
6.889999999999999680e+00,8.432587758192450211e-01
6.900000000000000355e+00,8.432196095470174679e-01
6.910000000000000142e+00,8.431788217301133814e-01
6.919999999999999929e+00,8.431380405985851034e-01
6.929999999999999716e+00,8.430973798206613523e-01
6.939999999999999503e+00,8.430568394890748385e-01
6.950000000000000178e+00,8.430494567018677055e-01
6.959999999999999964e+00,8.430436057361175850e-01
6.969999999999999751e+00,8.430377172658394258e-01
6.979999999999999538e+00,8.430317923789641954e-01
6.990000000000000213e+00,8.429399085428558314e-01
