# Wavelength (Å), Efficiency
1.000000000000000021e-02,1.427287726542894250e-02
2.000000000000000042e-02,2.854823594743026785e-02
2.999999999999999889e-02,4.298493472437161372e-02
4.000000000000000083e-02,5.680903260162765978e-02
5.000000000000000278e-02,7.084546273683466067e-02
6.000000000000000472e-02,8.398498050376340673e-02
6.999999999999999278e-02,9.852316802871144419e-02
8.000000000000000167e-02,1.115880856792370174e-01
8.999999999999999667e-02,1.240931063052061606e-01
9.999999999999999167e-02,1.378256457817663427e-01
1.100000000000000006e-01,1.501699335469158791e-01
1.199999999999999956e-01,1.616624388188296346e-01
1.300000000000000044e-01,1.751186132288652386e-01
1.400000000000000133e-01,1.860788591665969716e-01
1.500000000000000222e-01,1.978653036260832887e-01
1.600000000000000033e-01,2.104580300845358132e-01
1.700000000000000122e-01,2.212475428887316908e-01
1.800000000000000211e-01,2.321446828890126601e-01
1.900000000000000022e-01,2.443348368313574548e-01
2.000000000000000111e-01,2.559106668544615104e-01
2.100000000000000200e-01,2.660759148527599427e-01
2.200000000000000011e-01,2.758306679777561277e-01
2.300000000000000100e-01,2.862709960193249858e-01
2.400000000000000189e-01,2.970518482032337704e-01
2.500000000000000000e-01,3.074193055780753414e-01
2.600000000000000089e-01,3.171122343198835569e-01
2.700000000000000178e-01,3.265728275830392380e-01
2.800000000000000266e-01,3.360588193155233383e-01
2.900000000000000355e-01,3.458276721758372085e-01
2.999999999999999889e-01,3.555145383135298598e-01
3.099999999999999978e-01,3.648205393104468897e-01
3.200000000000000067e-01,3.737467137845048581e-01
3.300000000000000155e-01,3.823760432496624007e-01
3.400000000000000244e-01,3.909561640991110476e-01
3.500000000000000333e-01,3.994342589379364372e-01
3.600000000000000422e-01,4.077809854928361455e-01
3.699999999999999956e-01,4.161735392556730750e-01
3.800000000000000044e-01,4.243658050538635096e-01
3.900000000000000133e-01,4.324787849017868724e-01
4.000000000000000222e-01,4.404445022404367971e-01
4.100000000000000311e-01,4.482265696130073862e-01
4.200000000000000400e-01,4.559383478429947512e-01
4.299999999999999933e-01,4.635027249116338011e-01
4.400000000000000022e-01,4.709721072595545732e-01
4.500000000000000111e-01,4.783945487736916413e-01
4.600000000000000200e-01,4.856619715770314483e-01
4.700000000000000289e-01,4.928329358337670829e-01
4.800000000000000377e-01,5.000285669530442068e-01
4.899999999999999911e-01,5.068467816581343488e-01
5.000000000000000000e-01,5.137319799413950783e-01
5.100000000000000089e-01,5.205012847201136994e-01
5.200000000000000178e-01,5.271826563610308991e-01
5.300000000000000266e-01,5.337346871954322669e-01
5.400000000000000355e-01,5.401564397144977825e-01
5.500000000000000444e-01,5.465552605795996888e-01
5.600000000000000533e-01,5.526544385344785981e-01
5.700000000000000622e-01,5.587926930262034908e-01
5.800000000000000711e-01,5.649764530380689820e-01
5.899999999999999689e-01,5.708941185497270476e-01
5.999999999999999778e-01,5.765797189919357191e-01
6.099999999999999867e-01,5.823889311145428183e-01
6.199999999999999956e-01,5.879438382749657688e-01
6.300000000000000044e-01,5.936334754455111495e-01
6.400000000000000133e-01,5.990628933349964047e-01
6.500000000000000222e-01,6.043327468797317081e-01
6.600000000000000311e-01,6.096769124170582366e-01
6.700000000000000400e-01,6.148242804741249623e-01
6.800000000000000488e-01,6.199671418509073995e-01
6.900000000000000577e-01,6.248895693452501954e-01
7.000000000000000666e-01,6.299424580030368315e-01
7.100000000000000755e-01,6.348134163473069247e-01
7.199999999999999734e-01,6.396216795893981955e-01
7.299999999999999822e-01,6.442239246539042119e-01
7.399999999999999911e-01,6.490653217798140195e-01
7.500000000000000000e-01,6.535105233624168841e-01
7.600000000000000089e-01,6.581044291941509083e-01
7.700000000000000178e-01,6.625568654745153108e-01
7.800000000000000266e-01,6.669195719658667088e-01
7.900000000000000355e-01,6.711383734351324959e-01
8.000000000000000444e-01,6.753681615536814009e-01
8.100000000000000533e-01,6.795167674433844063e-01
8.200000000000000622e-01,6.835427415684649510e-01
8.300000000000000711e-01,6.875294905363993347e-01
8.400000000000000799e-01,6.915640722353928460e-01
8.499999999999999778e-01,6.954474985031657841e-01
8.599999999999999867e-01,6.992889722464258329e-01
8.699999999999999956e-01,7.030470537552571120e-01
8.800000000000000044e-01,7.068343149221152366e-01
8.900000000000000133e-01,7.104948874984008400e-01
9.000000000000000222e-01,7.140566785515374271e-01
9.100000000000000311e-01,7.176321892351279486e-01
9.200000000000000400e-01,7.212018454404237611e-01
9.300000000000000488e-01,7.245706095462203233e-01
9.400000000000000577e-01,7.279587870625968682e-01
9.500000000000000666e-01,7.312823743186390724e-01
9.600000000000000755e-01,7.345266678082140732e-01
9.699999999999999734e-01,7.376516927309326732e-01
9.799999999999999822e-01,7.408867375975209946e-01
9.899999999999999911e-01,7.440955434258904599e-01
1.000000000000000000e+00,7.470311554388885389e-01
1.010000000000000009e+00,7.501955496631687037e-01
1.020000000000000018e+00,7.529717247296606741e-01
1.030000000000000027e+00,7.558699836300200037e-01
1.040000000000000036e+00,7.587724323489563050e-01
1.050000000000000044e+00,7.615689990368454954e-01
1.060000000000000053e+00,7.643056773440052298e-01
1.070000000000000062e+00,7.669253217826765834e-01
1.080000000000000071e+00,7.697235432537730127e-01
1.090000000000000080e+00,7.723833085062268289e-01
1.100000000000000089e+00,7.751889519646329996e-01
1.110000000000000098e+00,7.776708704110479875e-01
1.120000000000000107e+00,7.802248290312618906e-01
1.130000000000000115e+00,7.826457964091761976e-01
1.140000000000000124e+00,7.849264555364955376e-01
1.150000000000000133e+00,7.874677658433025806e-01
1.160000000000000142e+00,7.897575758889925357e-01
1.169999999999999929e+00,7.921635958229922281e-01
1.179999999999999938e+00,7.945012406263165516e-01
1.189999999999999947e+00,7.967579362779866337e-01
1.199999999999999956e+00,7.987947473107689378e-01
1.209999999999999964e+00,8.011912663380271749e-01
1.219999999999999973e+00,8.031065337599169185e-01
1.229999999999999982e+00,8.052791969973230879e-01
1.239999999999999991e+00,8.074803159067149849e-01
1.250000000000000000e+00,8.094592158756350742e-01
1.260000000000000009e+00,8.114563103889648188e-01
1.270000000000000018e+00,8.134086629869438090e-01
1.280000000000000027e+00,8.153961585538677115e-01
1.290000000000000036e+00,8.173618155095144777e-01
1.300000000000000044e+00,8.191325304010375064e-01
1.310000000000000053e+00,8.212229395030662404e-01
1.320000000000000062e+00,8.228878776744132928e-01
1.330000000000000071e+00,8.246051604534052615e-01
1.340000000000000080e+00,8.263142008180147657e-01
1.350000000000000089e+00,8.280846411071061119e-01
1.360000000000000098e+00,8.297776045316705984e-01
1.370000000000000107e+00,8.315577576053325703e-01
1.380000000000000115e+00,8.331783731170609997e-01
1.390000000000000124e+00,8.347820610567437960e-01
1.400000000000000133e+00,8.364231256222506294e-01
1.410000000000000142e+00,8.379775264072476526e-01
1.419999999999999929e+00,8.395040955436663399e-01
1.429999999999999938e+00,8.411423113068177138e-01
1.439999999999999947e+00,8.426406829203039184e-01
1.449999999999999956e+00,8.440512413902222510e-01
1.459999999999999964e+00,8.454940678591056358e-01
1.469999999999999973e+00,8.469121513251852695e-01
1.479999999999999982e+00,8.484039521576903775e-01
1.489999999999999991e+00,8.497717094787381464e-01
1.500000000000000000e+00,8.511898841965519491e-01
1.510000000000000009e+00,8.525859253068419630e-01
1.520000000000000018e+00,8.537067259286285070e-01
1.530000000000000027e+00,8.550528249765018129e-01
1.540000000000000036e+00,8.563648553358575999e-01
1.550000000000000044e+00,8.576142139590362534e-01
1.560000000000000053e+00,8.587863379040124867e-01
1.570000000000000062e+00,8.601075513221299040e-01
1.580000000000000071e+00,8.612071730659650592e-01
1.590000000000000080e+00,8.622639883398298677e-01
1.600000000000000089e+00,8.633745194410815671e-01
1.610000000000000098e+00,8.647122858475931872e-01
1.620000000000000107e+00,8.658147807346101565e-01
1.630000000000000115e+00,8.668885055658810401e-01
1.640000000000000124e+00,8.678210967614855553e-01
1.650000000000000133e+00,8.688564386082547886e-01
1.660000000000000142e+00,8.699006015154290283e-01
1.670000000000000151e+00,8.710919434802316674e-01
1.679999999999999938e+00,8.721707283894032381e-01
1.689999999999999947e+00,8.730775001852165706e-01
1.699999999999999956e+00,8.740078356920711888e-01
1.709999999999999964e+00,8.749862638042761320e-01
1.719999999999999973e+00,8.759287644575073362e-01
1.729999999999999982e+00,8.769077259514835854e-01
1.739999999999999991e+00,8.776598526694212588e-01
1.750000000000000000e+00,8.785838473918271552e-01
1.760000000000000009e+00,8.795548112951442343e-01
1.770000000000000018e+00,8.805553002014997466e-01
1.780000000000000027e+00,8.812830979043979607e-01
1.790000000000000036e+00,8.821623986668939432e-01
1.800000000000000044e+00,8.829868881298433836e-01
1.810000000000000053e+00,8.836942980775730483e-01
1.820000000000000062e+00,8.844900212717117238e-01
1.830000000000000071e+00,8.853907082573140297e-01
1.840000000000000080e+00,8.862392952555211423e-01
1.850000000000000089e+00,8.868122213074360882e-01
1.860000000000000098e+00,8.874059238129816674e-01
1.870000000000000107e+00,8.881853075271315401e-01
1.880000000000000115e+00,8.889134362769368636e-01
1.890000000000000124e+00,8.896319179488817452e-01
1.900000000000000133e+00,8.902442147511661075e-01
1.910000000000000142e+00,8.909832888067034107e-01
1.920000000000000151e+00,8.915116427399979449e-01
1.929999999999999938e+00,8.922796967939088386e-01
1.939999999999999947e+00,8.931317686267530309e-01
1.949999999999999956e+00,8.937281744514801174e-01
1.959999999999999964e+00,8.942705078660531104e-01
1.969999999999999973e+00,8.950197931823846709e-01
1.979999999999999982e+00,8.955528298541303167e-01
1.989999999999999991e+00,8.958777592252841204e-01
2.000000000000000000e+00,8.966836857593533106e-01
2.009999999999999787e+00,8.971554472652952805e-01
2.020000000000000018e+00,8.978011669762787639e-01
2.029999999999999805e+00,8.984171852071191067e-01
2.040000000000000036e+00,8.989347337066964094e-01
2.049999999999999822e+00,8.995021282058186518e-01
2.059999999999999609e+00,9.000141044901168730e-01
2.069999999999999840e+00,9.006246162445673553e-01
2.079999999999999627e+00,9.010901695448068072e-01
2.089999999999999858e+00,9.017321586956243973e-01
2.099999999999999645e+00,9.022378995821046521e-01
2.109999999999999876e+00,9.024383058144634928e-01
2.119999999999999662e+00,9.030455842633493546e-01
2.129999999999999893e+00,9.033625066677914983e-01
2.139999999999999680e+00,9.038125628639842590e-01
2.149999999999999911e+00,9.043129033830805685e-01
2.159999999999999698e+00,9.047905396674564837e-01
2.169999999999999929e+00,9.052022962858150557e-01
2.179999999999999716e+00,9.056399492883620006e-01
2.189999999999999947e+00,9.059625835992494158e-01
2.199999999999999734e+00,9.063703104243479025e-01
2.209999999999999964e+00,9.067817314384711835e-01
2.219999999999999751e+00,9.069007587222509548e-01
2.229999999999999982e+00,9.075456319857539977e-01
2.239999999999999769e+00,9.080044586023034991e-01
2.250000000000000000e+00,9.083914615271391213e-01
2.259999999999999787e+00,9.087829321320277653e-01
2.270000000000000018e+00,9.091124158423518065e-01
2.279999999999999805e+00,9.095798579430898201e-01
2.290000000000000036e+00,9.098937397137442096e-01
2.299999999999999822e+00,9.100798828804521623e-01
2.310000000000000053e+00,9.105199065860160035e-01
2.319999999999999840e+00,9.108545855535951086e-01
2.329999999999999627e+00,9.111830430682733573e-01
2.339999999999999858e+00,9.115082360346988821e-01
2.349999999999999645e+00,9.117731660727880216e-01
2.359999999999999876e+00,9.119164480117112337e-01
2.369999999999999662e+00,9.122125406898048405e-01
2.379999999999999893e+00,9.126899754558356337e-01
2.389999999999999680e+00,9.130141896524324174e-01
2.399999999999999911e+00,9.131359107499235073e-01
2.409999999999999698e+00,9.133313301422388841e-01
2.419999999999999929e+00,9.138001134174207341e-01
2.429999999999999716e+00,9.140399181268947792e-01
2.439999999999999947e+00,9.142417499633015421e-01
2.449999999999999734e+00,9.144323923336808990e-01
2.459999999999999964e+00,9.146802252326591276e-01
2.469999999999999751e+00,9.150317596622561389e-01
2.479999999999999982e+00,9.153245232212080529e-01
2.489999999999999769e+00,9.154255453531934261e-01
2.500000000000000000e+00,9.156937557842884656e-01
2.509999999999999787e+00,9.159133376114698688e-01
2.520000000000000018e+00,9.160539650677266277e-01
2.529999999999999805e+00,9.163537559553848189e-01
2.540000000000000036e+00,9.165956744171728232e-01
2.549999999999999822e+00,9.167932176839073133e-01
2.560000000000000053e+00,9.170174945057760763e-01
2.569999999999999840e+00,9.172126711082274619e-01
2.579999999999999627e+00,9.173627738620340200e-01
2.589999999999999858e+00,9.173497064551107139e-01
2.599999999999999645e+00,9.175203107761999988e-01
2.609999999999999876e+00,9.177671294711905459e-01
2.619999999999999662e+00,9.179010809144595440e-01
2.629999999999999893e+00,9.181233185774603234e-01
2.639999999999999680e+00,9.183947418778902749e-01
2.649999999999999911e+00,9.186886068784114734e-01
2.659999999999999698e+00,9.188270809638876546e-01
2.669999999999999929e+00,9.188765593072035776e-01
2.679999999999999716e+00,9.190582918865943807e-01
2.689999999999999947e+00,9.192503113398222681e-01
2.699999999999999734e+00,9.194501271203096016e-01
2.709999999999999964e+00,9.194395481582919860e-01
2.719999999999999751e+00,9.194623036371895042e-01
2.729999999999999982e+00,9.195350331665484989e-01
2.739999999999999769e+00,9.200124939496940879e-01
2.750000000000000000e+00,9.203286741095344503e-01
2.759999999999999787e+00,9.200791272285917533e-01
2.770000000000000018e+00,9.200111844051355181e-01
2.779999999999999805e+00,9.200639290967492778e-01
2.790000000000000036e+00,9.205006758528226918e-01
2.799999999999999822e+00,9.207135692665745497e-01
2.810000000000000053e+00,9.207028211303607268e-01
2.819999999999999840e+00,9.209886452490748665e-01
2.829999999999999627e+00,9.211679420003353602e-01
2.839999999999999858e+00,9.209441556638262583e-01
2.849999999999999645e+00,9.210523740732925457e-01
2.859999999999999876e+00,9.213531519828447314e-01
2.869999999999999662e+00,9.215291113263773815e-01
2.879999999999999893e+00,9.216284543850017386e-01
2.889999999999999680e+00,9.215846889139956977e-01
2.899999999999999911e+00,9.215118308509544498e-01
2.909999999999999698e+00,9.214242709650477536e-01
2.919999999999999929e+00,9.214200468625050044e-01
2.929999999999999716e+00,9.215236194909087741e-01
2.939999999999999947e+00,9.218532912280074099e-01
2.949999999999999734e+00,9.220395981151184861e-01
2.959999999999999964e+00,9.221426942905224244e-01
2.969999999999999751e+00,9.220891402243044377e-01
2.979999999999999982e+00,9.220980548679387212e-01
2.989999999999999769e+00,9.223610448402979056e-01
3.000000000000000000e+00,9.225437078948856007e-01
3.009999999999999787e+00,9.226490469864055965e-01
3.020000000000000018e+00,9.225833743986785462e-01
3.029999999999999805e+00,9.224745538999356009e-01
3.040000000000000036e+00,9.225182111500994653e-01
3.049999999999999822e+00,9.225699407289715825e-01
3.060000000000000053e+00,9.226442662323972588e-01
3.069999999999999840e+00,9.225785859629549446e-01
3.080000000000000071e+00,9.223908557659199481e-01
3.089999999999999858e+00,9.225160012657750430e-01
3.099999999999999645e+00,9.227356605943889400e-01
3.109999999999999876e+00,9.227378036109901149e-01
3.119999999999999662e+00,9.227761036816082285e-01
3.129999999999999893e+00,9.229872798752138952e-01
3.139999999999999680e+00,9.231601361318056975e-01
3.149999999999999911e+00,9.232762601176024431e-01
3.159999999999999698e+00,9.232834232636435434e-01
3.169999999999999929e+00,9.232125781167438427e-01
3.179999999999999716e+00,9.232000828437988416e-01
3.189999999999999947e+00,9.232049100461580116e-01
3.199999999999999734e+00,9.232236909681285075e-01
3.209999999999999964e+00,9.232366488839278684e-01
3.219999999999999751e+00,9.231931086708964340e-01
3.229999999999999982e+00,9.231776170770780165e-01
3.239999999999999769e+00,9.232559756492664249e-01
3.250000000000000000e+00,9.233452868919451717e-01
3.259999999999999787e+00,9.234545214982587957e-01
3.270000000000000018e+00,9.234145723077097356e-01
3.279999999999999805e+00,9.232255252013813474e-01
3.290000000000000036e+00,9.232467032924397410e-01
3.299999999999999822e+00,9.233990284255745307e-01
3.310000000000000053e+00,9.232965210301968817e-01
3.319999999999999840e+00,9.230938637804154689e-01
3.330000000000000071e+00,9.232056261378547291e-01
3.339999999999999858e+00,9.233890028282190077e-01
3.349999999999999645e+00,9.235122176108448988e-01
3.359999999999999876e+00,9.236261454433888352e-01
3.369999999999999662e+00,9.235089483628106111e-01
3.379999999999999893e+00,9.233840354945361817e-01
3.389999999999999680e+00,9.233194614685296120e-01
3.399999999999999911e+00,9.232699767483607545e-01
3.409999999999999698e+00,9.234221860700421169e-01
3.419999999999999929e+00,9.235579875932596883e-01
3.429999999999999716e+00,9.235776884019970545e-01
3.439999999999999947e+00,9.235884233473180549e-01
3.449999999999999734e+00,9.235482715898325479e-01
3.459999999999999964e+00,9.234899907070690528e-01
3.469999999999999751e+00,9.233329550452974432e-01
3.479999999999999982e+00,9.231886413360433918e-01
3.489999999999999769e+00,9.231125402641108257e-01
3.500000000000000000e+00,9.230839221053885879e-01
3.509999999999999787e+00,9.233353564660952140e-01
3.520000000000000018e+00,9.235440402891710310e-01
3.529999999999999805e+00,9.234733481464560967e-01
3.540000000000000036e+00,9.234105356768540496e-01
3.549999999999999822e+00,9.234265931193970101e-01
3.560000000000000053e+00,9.234321905302294020e-01
3.569999999999999840e+00,9.232655495107432442e-01
3.580000000000000071e+00,9.230995394768141127e-01
3.589999999999999858e+00,9.231864247033879645e-01
3.599999999999999645e+00,9.232726771857662218e-01
3.609999999999999876e+00,9.232085017680227157e-01
3.619999999999999662e+00,9.231328907539986250e-01
3.629999999999999893e+00,9.231930742907574761e-01
3.639999999999999680e+00,9.232756667319270694e-01
3.649999999999999911e+00,9.231923254270246737e-01
3.659999999999999698e+00,9.230571732084452696e-01
3.669999999999999929e+00,9.230126425528136780e-01
3.679999999999999716e+00,9.230147057785481612e-01
3.689999999999999947e+00,9.229707366738589824e-01
3.699999999999999734e+00,9.228881883938214736e-01
3.709999999999999964e+00,9.228103704260820495e-01
3.719999999999999751e+00,9.227392953629202088e-01
3.729999999999999982e+00,9.226969134104371362e-01
3.739999999999999769e+00,9.227294863481573239e-01
3.750000000000000000e+00,9.227536639967586218e-01
3.759999999999999787e+00,9.227248317548388812e-01
3.770000000000000018e+00,9.226956476581250621e-01
3.779999999999999805e+00,9.228003835885865147e-01
3.790000000000000036e+00,9.229092493050670143e-01
3.799999999999999822e+00,9.227867880958240399e-01
3.810000000000000053e+00,9.226013467390538070e-01
3.819999999999999840e+00,9.225870595201189905e-01
3.830000000000000071e+00,9.226882270529489505e-01
3.839999999999999858e+00,9.226973252852457286e-01
3.849999999999999645e+00,9.225656991086927938e-01
3.859999999999999876e+00,9.224786655200363228e-01
3.869999999999999662e+00,9.225956040851207574e-01
3.879999999999999893e+00,9.227111330509977227e-01
3.889999999999999680e+00,9.225242964449048566e-01
3.899999999999999911e+00,9.223224972343956329e-01
3.909999999999999698e+00,9.221880558768633662e-01
3.919999999999999929e+00,9.220813018229986335e-01
3.929999999999999716e+00,9.220018659181554721e-01
3.939999999999999947e+00,9.219543955831234205e-01
3.949999999999999734e+00,9.219265991625087420e-01
3.959999999999999964e+00,9.219826219951632318e-01
3.969999999999999751e+00,9.220376945532691160e-01
3.979999999999999982e+00,9.218296263036336313e-01
3.989999999999999769e+00,9.215972159326552005e-01
4.000000000000000000e+00,9.215979095125790277e-01
4.009999999999999787e+00,9.217404985359465286e-01
4.019999999999999574e+00,9.217899951914680923e-01
4.030000000000000249e+00,9.216383799957107437e-01
4.040000000000000036e+00,9.214874792696328143e-01
4.049999999999999822e+00,9.213650205966738005e-01
4.059999999999999609e+00,9.212432534434258358e-01
4.070000000000000284e+00,9.212509375665942635e-01
4.080000000000000071e+00,9.213238424898309020e-01
4.089999999999999858e+00,9.213336358090736811e-01
4.099999999999999645e+00,9.212087902942717177e-01
4.109999999999999432e+00,9.210844909673771008e-01
4.120000000000000107e+00,9.209777852644708274e-01
4.129999999999999893e+00,9.208722718018154119e-01
4.139999999999999680e+00,9.208086386212994690e-01
4.149999999999999467e+00,9.207746166538018917e-01
4.160000000000000142e+00,9.207781454124891463e-01
4.169999999999999929e+00,9.209343385154640238e-01
4.179999999999999716e+00,9.210890923098782324e-01
4.189999999999999503e+00,9.210440903501241339e-01
4.200000000000000178e+00,9.209485013800677855e-01
4.209999999999999964e+00,9.207866839027144534e-01
4.219999999999999751e+00,9.205185137780249605e-01
4.229999999999999538e+00,9.202520384680183962e-01
4.240000000000000213e+00,9.203255543424780916e-01
4.250000000000000000e+00,9.204145945481227997e-01
4.259999999999999787e+00,9.203685376523477180e-01
4.269999999999999574e+00,9.201947923217582703e-01
4.280000000000000249e+00,9.200371324114215987e-01
4.290000000000000036e+00,9.201396488332297396e-01
4.299999999999999822e+00,9.202412195436855402e-01
4.309999999999999609e+00,9.201710567313148292e-01
4.320000000000000284e+00,9.199801917709374832e-01
4.330000000000000071e+00,9.198247092680580383e-01
4.339999999999999858e+00,9.199784601309686227e-01
4.349999999999999645e+00,9.201309281249873129e-01
4.360000000000000320e+00,9.200478598599562963e-01
4.370000000000000107e+00,9.198099087405176011e-01
4.379999999999999893e+00,9.195915697539004396e-01
4.389999999999999680e+00,9.195646171097984212e-01
4.399999999999999467e+00,9.195375885811517547e-01
4.410000000000000142e+00,9.194590901436988650e-01
4.419999999999999929e+00,9.193404569856766795e-01
4.429999999999999716e+00,9.192248313879375354e-01
4.439999999999999503e+00,9.192570513110775998e-01
4.450000000000000178e+00,9.192888506454938158e-01
4.459999999999999964e+00,9.192109389018392474e-01
4.469999999999999751e+00,9.190049014131830285e-01
4.479999999999999538e+00,9.188000644758753666e-01
4.490000000000000213e+00,9.187628406991298347e-01
4.500000000000000000e+00,9.187468441567681054e-01
4.509999999999999787e+00,9.187382623409656723e-01
4.519999999999999574e+00,9.187470271463379357e-01
4.530000000000000249e+00,9.187555341373438988e-01
4.540000000000000036e+00,9.186515287912713212e-01
4.549999999999999822e+00,9.184995885170245122e-01
4.559999999999999609e+00,9.183560647916465536e-01
4.570000000000000284e+00,9.182991279944537899e-01
4.580000000000000071e+00,9.182423784438501491e-01
4.589999999999999858e+00,9.181940426494580310e-01
4.599999999999999645e+00,9.181559120778176597e-01
4.610000000000000320e+00,9.181178592825883777e-01
4.620000000000000107e+00,9.181420722468185414e-01
4.629999999999999893e+00,9.181812750755604657e-01
4.639999999999999680e+00,9.182010104570739184e-01
4.649999999999999467e+00,9.181030752712970866e-01
4.660000000000000142e+00,9.180056274355560264e-01
4.669999999999999929e+00,9.178764279662938730e-01
4.679999999999999716e+00,9.177103910508443985e-01
4.689999999999999503e+00,9.175453085611684489e-01
4.700000000000000178e+00,9.174800191474968836e-01
4.709999999999999964e+00,9.174447828524658899e-01
4.719999999999999751e+00,9.174114147765166649e-01
4.729999999999999538e+00,9.174068883218032822e-01
4.740000000000000213e+00,9.174022519578316492e-01
4.750000000000000000e+00,9.173825563579848241e-01
4.759999999999999787e+00,9.173331527104505723e-01
4.769999999999999574e+00,9.172838974437770299e-01
4.780000000000000249e+00,9.171392813149507051e-01
4.790000000000000036e+00,9.169304171917663782e-01
4.799999999999999822e+00,9.167227804003897917e-01
4.809999999999999609e+00,9.166565164515380060e-01
4.820000000000000284e+00,9.166175546325348034e-01
4.830000000000000071e+00,9.165765911596437387e-01
4.839999999999999858e+00,9.165058664603731309e-01
4.849999999999999645e+00,9.164354809934610602e-01
4.860000000000000320e+00,9.163308285281872578e-01
4.870000000000000107e+00,9.161371035005501096e-01
4.879999999999999893e+00,9.159444632971022182e-01
4.889999999999999680e+00,9.158570851161038640e-01
4.899999999999999467e+00,9.158854590648887184e-01
4.910000000000000142e+00,9.159135567844568504e-01
4.919999999999999929e+00,9.158037544040396050e-01
4.929999999999999716e+00,9.156218092194512437e-01
4.939999999999999503e+00,9.154408927623874925e-01
4.950000000000000178e+00,9.154549124257742587e-01
4.959999999999999964e+00,9.155120666324316758e-01
4.969999999999999751e+00,9.155687919503004979e-01
4.979999999999999538e+00,9.155244858519810958e-01
4.990000000000000213e+00,9.154765949683857373e-01
5.000000000000000000e+00,9.154221491294375346e-01
5.009999999999999787e+00,9.153036963248246671e-01
5.019999999999999574e+00,9.151858720297656458e-01
5.030000000000000249e+00,9.151030743751071839e-01
5.040000000000000036e+00,9.151507795817042101e-01
5.049999999999999822e+00,9.151981192539040411e-01
5.059999999999999609e+00,9.152161109266387928e-01
5.070000000000000284e+00,9.151683637651839565e-01
5.080000000000000071e+00,9.151208149264252745e-01
5.089999999999999858e+00,9.150299164086581616e-01
5.099999999999999645e+00,9.148705918242109325e-01
5.110000000000000320e+00,9.147121451788359225e-01
5.120000000000000107e+00,9.146289513312473307e-01
5.129999999999999893e+00,9.146366908361579506e-01
5.139999999999999680e+00,9.146443066332191618e-01
5.149999999999999467e+00,9.145885802445397061e-01
5.160000000000000142e+00,9.144693506891965473e-01
5.169999999999999929e+00,9.143507581845262688e-01
5.179999999999999716e+00,9.141882963478360491e-01
5.189999999999999503e+00,9.139868780996688313e-01
5.200000000000000178e+00,9.137865779809989375e-01
5.209999999999999964e+00,9.136737104047351066e-01
5.219999999999999751e+00,9.136349153461011952e-01
5.229999999999999538e+00,9.135962839578805061e-01
5.240000000000000213e+00,9.136155058570285536e-01
5.250000000000000000e+00,9.136845880860756663e-01
5.259999999999999787e+00,9.137532098704258532e-01
5.269999999999999574e+00,9.136917735599732193e-01
5.280000000000000249e+00,9.135078755820021934e-01
5.290000000000000036e+00,9.133249951187313309e-01
5.299999999999999822e+00,9.131839542066982895e-01
5.309999999999999609e+00,9.130889561240672636e-01
5.320000000000000284e+00,9.129944389728674725e-01
5.330000000000000071e+00,9.129615962695138975e-01
5.339999999999999858e+00,9.130144187195206040e-01
5.349999999999999645e+00,9.130668930492980007e-01
5.360000000000000320e+00,9.130710143008817781e-01
5.370000000000000107e+00,9.129828525501006986e-01
5.379999999999999893e+00,9.128951411026591245e-01
5.389999999999999680e+00,9.128018077462372037e-01
5.399999999999999467e+00,9.126907306247380447e-01
5.410000000000000142e+00,9.125802297144054442e-01
5.419999999999999929e+00,9.124597466483159725e-01
5.429999999999999716e+00,9.122747600914368205e-01
5.439999999999999503e+00,9.120907723413200774e-01
5.450000000000000178e+00,9.119098571024402133e-01
5.459999999999999964e+00,9.119178596155101957e-01
5.469999999999999751e+00,9.119257785182601772e-01
5.479999999999999538e+00,9.119336153219631536e-01
5.490000000000000213e+00,9.118711294314033600e-01
5.500000000000000000e+00,9.117979755400756892e-01
5.509999999999999787e+00,9.117251765228364668e-01
5.519999999999999574e+00,9.116436074666929290e-01
5.530000000000000249e+00,9.115585469250315764e-01
5.540000000000000036e+00,9.114739095226707111e-01
5.549999999999999822e+00,9.113620021003321359e-01
5.559999999999999609e+00,9.112249281206236118e-01
5.570000000000000284e+00,9.110885690599320741e-01
5.580000000000000071e+00,9.109546524765568254e-01
5.589999999999999858e+00,9.108251642843367968e-01
5.599999999999999645e+00,9.106963507882241959e-01
5.610000000000000320e+00,9.105827136338713323e-01
5.620000000000000107e+00,9.106044145685239233e-01
5.629999999999999893e+00,9.106259636187473694e-01
5.639999999999999680e+00,9.106473627228470757e-01
5.649999999999999467e+00,9.106858576211578349e-01
5.660000000000000142e+00,9.107269426507160759e-01
5.669999999999999929e+00,9.107677781437937270e-01
5.679999999999999716e+00,9.106937124400130701e-01
5.689999999999999503e+00,9.105444201285193273e-01
5.700000000000000178e+00,9.103959039779964124e-01
5.709999999999999964e+00,9.102323307534999630e-01
5.719999999999999751e+00,9.100370333737273221e-01
5.729999999999999538e+00,9.098427662536741067e-01
5.740000000000000213e+00,9.096564120386981811e-01
5.750000000000000000e+00,9.096799842630113320e-01
5.759999999999999787e+00,9.097034034279919412e-01
5.769999999999999574e+00,9.097266713160868656e-01
5.780000000000000249e+00,9.096749307002600649e-01
5.790000000000000036e+00,9.095941501897831793e-01
5.799999999999999822e+00,9.095137654020858387e-01
5.809999999999999609e+00,9.094220758052271592e-01
5.820000000000000284e+00,9.093122485170198610e-01
5.830000000000000071e+00,9.092029696997968591e-01
5.839999999999999858e+00,9.090953849026048861e-01
5.849999999999999645e+00,9.090212141287374870e-01
5.860000000000000320e+00,9.089474060051440096e-01
5.870000000000000107e+00,9.088739585237480822e-01
5.879999999999999893e+00,9.087742193214880526e-01
5.889999999999999680e+00,9.086614234778541688e-01
5.899999999999999467e+00,9.085491850376368195e-01
5.910000000000000142e+00,9.084500409733111681e-01
5.919999999999999929e+00,9.083849172703907238e-01
5.929999999999999716e+00,9.083201048942973754e-01
5.939999999999999503e+00,9.082556022300357634e-01
5.950000000000000178e+00,9.081937654622200817e-01
5.959999999999999964e+00,9.081326019612129263e-01
5.969999999999999751e+00,9.080717297145287636e-01
5.979999999999999538e+00,9.079444907188433112e-01
5.990000000000000213e+00,9.077302520156499410e-01
6.000000000000000000e+00,9.075171128122431208e-01
6.009999999999999787e+00,9.073050658704190363e-01
6.019999999999999574e+00,9.072782443403722974e-01
6.030000000000000249e+00,9.072549897696005061e-01
6.040000000000000036e+00,9.072318316005524297e-01
6.049999999999999822e+00,9.072574995416472499e-01
6.059999999999999609e+00,9.073293868976903820e-01
6.070000000000000284e+00,9.074009050735655224e-01
6.080000000000000071e+00,9.074670714762315127e-01
6.089999999999999858e+00,9.073126917864784424e-01
6.099999999999999645e+00,9.071590785912576616e-01
6.110000000000000320e+00,9.070062270880130395e-01
6.120000000000000107e+00,9.068974478833924380e-01
6.129999999999999893e+00,9.068303441042001589e-01
6.139999999999999680e+00,9.067635533491932298e-01
6.150000000000000355e+00,9.066970740135673612e-01
6.160000000000000142e+00,9.065067036071770001e-01
6.169999999999999929e+00,9.063150154814499926e-01
6.179999999999999716e+00,9.061242818597057269e-01
6.189999999999999503e+00,9.059972431212444111e-01
6.200000000000000178e+00,9.059532871865944026e-01
6.209999999999999964e+00,9.059095314213245764e-01
6.219999999999999751e+00,9.058659748370934128e-01
6.229999999999999538e+00,9.058868548583347557e-01
6.240000000000000213e+00,9.059180136979299025e-01
6.250000000000000000e+00,9.059490098743276931e-01
6.259999999999999787e+00,9.059396180254227771e-01
6.269999999999999574e+00,9.058211071302827433e-01
6.280000000000000249e+00,9.057031629244804982e-01
6.290000000000000036e+00,9.055857820201027586e-01
6.299999999999999822e+00,9.054374287216019335e-01
6.309999999999999609e+00,9.052733283256705343e-01
6.320000000000000284e+00,9.051100219479433218e-01
6.330000000000000071e+00,9.049512150174404690e-01
6.339999999999999858e+00,9.049491274470579105e-01
6.349999999999999645e+00,9.049470369106893397e-01
6.360000000000000320e+00,9.049449437193431978e-01
6.370000000000000107e+00,9.048791214327398524e-01
6.379999999999999893e+00,9.047048863489584036e-01
6.389999999999999680e+00,9.045314907074639699e-01
6.400000000000000355e+00,9.043589292591218687e-01
6.410000000000000142e+00,9.041746933179455326e-01
6.419999999999999929e+00,9.039858357690917501e-01
6.429999999999999716e+00,9.037978867665369398e-01
6.439999999999999503e+00,9.036108406200665799e-01
6.450000000000000178e+00,9.037340024524085358e-01
6.459999999999999964e+00,9.038574881883437717e-01
6.469999999999999751e+00,9.039804083916972433e-01
6.479999999999999538e+00,9.039972848282776807e-01
6.490000000000000213e+00,9.037425152348937951e-01
6.500000000000000000e+00,9.034889820774049118e-01
6.509999999999999787e+00,9.032366774326330283e-01
6.519999999999999574e+00,9.031823818574106211e-01
6.530000000000000249e+00,9.032956525736718367e-01
6.540000000000000036e+00,9.034084089823021246e-01
6.549999999999999822e+00,9.035206543190394957e-01
6.559999999999999609e+00,9.034702029707569748e-01
6.570000000000000284e+00,9.033740770626430550e-01
6.580000000000000071e+00,9.032783898423711877e-01
6.589999999999999858e+00,9.031831387893292096e-01
6.599999999999999645e+00,9.030180516199203256e-01
6.610000000000000320e+00,9.028534797336010831e-01
6.620000000000000107e+00,9.026896747818783373e-01
6.629999999999999893e+00,9.025467004054615883e-01
6.639999999999999680e+00,9.024886933871149042e-01
6.650000000000000355e+00,9.024309442954373539e-01
6.660000000000000142e+00,9.023734517130591604e-01
6.669999999999999929e+00,9.022865805842532616e-01
6.679999999999999716e+00,9.021487729059823879e-01
6.689999999999999503e+00,9.020115956415351022e-01
6.700000000000000178e+00,9.018750450584058775e-01
6.709999999999999964e+00,9.018135102795102886e-01
6.719999999999999751e+00,9.018216078712600892e-01
6.729999999999999538e+00,9.018296629934270392e-01
6.740000000000000213e+00,9.018376760364630318e-01
6.750000000000000000e+00,9.018137066278596459e-01
6.759999999999999787e+00,9.017723897686309442e-01
6.769999999999999574e+00,9.017312508849134600e-01
6.780000000000000249e+00,9.016902890677086502e-01
6.790000000000000036e+00,9.016102504561154252e-01
6.799999999999999822e+00,9.015177279326569426e-01
6.809999999999999609e+00,9.014256160486580072e-01
6.820000000000000284e+00,9.013339124630299626e-01
6.830000000000000071e+00,9.011884611559394243e-01
6.839999999999999858e+00,9.010331870229394413e-01
6.849999999999999645e+00,9.008786133285801023e-01
6.860000000000000320e+00,9.007247359225991623e-01
6.870000000000000107e+00,9.006683473073671120e-01
6.879999999999999893e+00,9.006230060128200821e-01
6.889999999999999680e+00,9.005778582092426321e-01
6.900000000000000355e+00,9.005329028972970384e-01
6.910000000000000142e+00,9.004872111286431613e-01
6.919999999999999929e+00,9.004416539853086210e-01
6.929999999999999716e+00,9.003962914057052069e-01
6.939999999999999503e+00,9.003511223558866572e-01
6.950000000000000178e+00,9.003349673092414518e-01
6.959999999999999964e+00,9.003202408818974378e-01
6.969999999999999751e+00,9.003055729421103326e-01
6.979999999999999538e+00,9.002909632660912598e-01
6.990000000000000213e+00,9.001994109673721045e-01
