# Wavelength (Å), Efficiency
1.000000000000000000e+00,3.940975998823862403e-01
1.020066889632107010e+00,3.983976116414672530e-01
1.040133779264214020e+00,4.026075611646948160e-01
1.060200668896321030e+00,4.067297543357626388e-01
1.080267558528428040e+00,4.107661373653947456e-01
1.100334448160535050e+00,4.147181898063548866e-01
1.120401337792642060e+00,4.185873464569018210e-01
1.140468227424749070e+00,4.223750324829878000e-01
1.160535117056856080e+00,4.260826622892472937e-01
1.180602006688963090e+00,4.297116383180296095e-01
1.200668896321070322e+00,4.332633498277742023e-01
1.220735785953177333e+00,4.367392836043699211e-01
1.240802675585284343e+00,4.401414182363323491e-01
1.260869565217391353e+00,4.434718224299124545e-01
1.280936454849498363e+00,4.467324994404410221e-01
1.301003344481605373e+00,4.499253896839178202e-01
1.321070234113712383e+00,4.530523731216384298e-01
1.341137123745819393e+00,4.561152714382816220e-01
1.361204013377926403e+00,4.591158500458495939e-01
1.381270903010033413e+00,4.620558193905237587e-01
1.401337792642140423e+00,4.649367550790258763e-01
1.421404682274247433e+00,4.677600199532846448e-01
1.441471571906354665e+00,4.705269224453448862e-01
1.461538461538461675e+00,4.732387390541489824e-01
1.481605351170568685e+00,4.758967151974845544e-01
1.501672240802675695e+00,4.785020660371703261e-01
1.521739130434782705e+00,4.810559772790972688e-01
1.541806020066889715e+00,4.835596059482746845e-01
1.561872909698996725e+00,4.860140811406376549e-01
1.581939799331103735e+00,4.884204997888459410e-01
1.602006688963210745e+00,4.907798433478675060e-01
1.622073578595317755e+00,4.930929970040026644e-01
1.642140468227424766e+00,4.953608295574571940e-01
1.662207357859531776e+00,4.975841962029871057e-01
1.682274247491638786e+00,4.997639385724574335e-01
1.702341137123745796e+00,5.019008847756830649e-01
1.722408026755852806e+00,5.039958494434118030e-01
1.742474916387959816e+00,5.060496337726205773e-01
1.762541806020066826e+00,5.080630255761315883e-01
1.782608695652173836e+00,5.100367993373220443e-01
1.802675585284280846e+00,5.119717163028532081e-01
1.822742474916387856e+00,5.138685380068318542e-01
1.842809364548494866e+00,5.157280454161694561e-01
1.862876254180601876e+00,5.175510030776964143e-01
1.882943143812709108e+00,5.193381705860949937e-01
1.903010033444816118e+00,5.210904358198279462e-01
1.923076923076923128e+00,5.228087432800863077e-01
1.943143812709030138e+00,5.244940102576829410e-01
1.963210702341137148e+00,5.261471268259034773e-01
1.983277591973244158e+00,5.277689567525589709e-01
2.003344481605351390e+00,5.293603383639943205e-01
2.023411371237457956e+00,5.309220853651440697e-01
2.043478260869565410e+00,5.324549876194721865e-01
2.063545150501671976e+00,5.339598118920356740e-01
2.083612040133779431e+00,5.354373025589486135e-01
2.103678929765885997e+00,5.368881822853143193e-01
2.123745819397993451e+00,5.383131526748792250e-01
2.143812709030100461e+00,5.397128761920028106e-01
2.163879598662207471e+00,5.410878549597575304e-01
2.183946488294314481e+00,5.424385160538942596e-01
2.204013377926421491e+00,5.437652796199761163e-01
2.224080267558528501e+00,5.450685593125673689e-01
2.244147157190635511e+00,5.463487623607423682e-01
2.264214046822742521e+00,5.476062896291608029e-01
2.284280936454849531e+00,5.488415356759374086e-01
2.304347826086956541e+00,5.500548888077296805e-01
2.324414715719063551e+00,5.512467311328176356e-01
2.344481605351170561e+00,5.524174386127594927e-01
2.364548494983277571e+00,5.535673811130544797e-01
2.384615384615384581e+00,5.546969224533353504e-01
2.404682274247491591e+00,5.558064204570734024e-01
2.424749163879598601e+00,5.568962270015791471e-01
2.444816053511705611e+00,5.579666996183693106e-01
2.464882943143813065e+00,5.590182662825643467e-01
2.484949832775919631e+00,5.600513761681525926e-01
2.505016722408027086e+00,5.610664669685927475e-01
2.525083612040133652e+00,5.620639651065063580e-01
2.545150501672241106e+00,5.630442860488118484e-01
2.565217391304347672e+00,5.640078346112002983e-01
2.585284280936455126e+00,5.649550052521481458e-01
2.605351170568561692e+00,5.658861823574298233e-01
2.625418060200669146e+00,5.668017405150025390e-01
2.645484949832775712e+00,5.677020447812228809e-01
2.665551839464883166e+00,5.685874509385401288e-01
2.685618729096989732e+00,5.694583057448664443e-01
2.705685618729097186e+00,5.703149471753744537e-01
2.725752508361203752e+00,5.711577046567573035e-01
2.745819397993311206e+00,5.719868992942863661e-01
2.765886287625418216e+00,5.728028440920143183e-01
2.785953177257525226e+00,5.736058440683416970e-01
2.806020066889632236e+00,5.743961783927944431e-01
2.826086956521739246e+00,5.751740806742691170e-01
2.846153846153846256e+00,5.759397748123057381e-01
2.866220735785953266e+00,5.766934803555677780e-01
2.886287625418060276e+00,5.774354125878340405e-01
2.906354515050167286e+00,5.781657826119288579e-01
2.926421404682274297e+00,5.788847974316987388e-01
2.946488294314381307e+00,5.795926600319407651e-01
2.966555183946488317e+00,5.802895694565853857e-01
2.986622073578595327e+00,5.809757208851257237e-01
3.006688963210702337e+00,5.816513057072164594e-01
3.026755852842809347e+00,5.823165115958860438e-01
3.046822742474916357e+00,5.829715225790044197e-01
3.066889632107023367e+00,5.836165191092690385e-01
3.086956521739130377e+00,5.842516781328145337e-01
3.107023411371237387e+00,5.848771731563456866e-01
3.127090301003344397e+00,5.854931743129944133e-01
3.147157190635451407e+00,5.860998484267055941e-01
3.167224080267558417e+00,5.866973590756036083e-01
3.187290969899665427e+00,5.872858687336163230e-01
3.207357859531772437e+00,5.878655612189159774e-01
3.227424749163879447e+00,5.884366320427936170e-01
3.247491638795986901e+00,5.889992722365330335e-01
3.267558528428093911e+00,5.895536682162364484e-01
3.287625418060200921e+00,5.901000019022840659e-01
3.307692307692307931e+00,5.906384508354813878e-01
3.327759197324414941e+00,5.911691882896238370e-01
3.347826086956521952e+00,5.916923833808332978e-01
3.367892976588628962e+00,5.922082011736520268e-01
3.387959866220735972e+00,5.927168027842032449e-01
3.408026755852842982e+00,5.932183454802149036e-01
3.428093645484949992e+00,5.937129827783292901e-01
3.448160535117057002e+00,5.942008645386300802e-01
3.468227424749164012e+00,5.946821370564490117e-01
3.488294314381271022e+00,5.951569431516630093e-01
3.508361204013378032e+00,5.956254222554916433e-01
3.528428093645485042e+00,5.960877104949195981e-01
3.548494983277592052e+00,5.965439407747095135e-01
3.568561872909699062e+00,5.969942428573179471e-01
3.588628762541806072e+00,5.974387434404629937e-01
3.608695652173913082e+00,5.978775662327419083e-01
3.628762541806020092e+00,5.983108320271215419e-01
3.648829431438127102e+00,5.987386571929563805e-01
3.668896321070234112e+00,5.991611343758320718e-01
3.688963210702341122e+00,5.995783394818441359e-01
3.709030100334448132e+00,5.999903468495700887e-01
3.729096989966555142e+00,6.003972296041463208e-01
3.749163879598662152e+00,6.007990596780984349e-01
3.769230769230769162e+00,6.011959078315912697e-01
3.789297658862876172e+00,6.015878436720565325e-01
3.809364548494983183e+00,6.019749356733212764e-01
3.829431438127090193e+00,6.023572511942473229e-01
3.849498327759197203e+00,6.027348564967647260e-01
3.869565217391304213e+00,6.031078167636543252e-01
3.889632107023411223e+00,6.034761961157075749e-01
3.909698996655518677e+00,6.038400576286038213e-01
3.929765886287625687e+00,6.041994633493522615e-01
3.949832775919732697e+00,6.045544743124080522e-01
3.969899665551839707e+00,6.049051505553806329e-01
3.989966555183946717e+00,6.052515511344972454e-01
4.010033444816054171e+00,6.055937341396886442e-01
4.030100334448160737e+00,6.059317567094074652e-01
4.050167224080267303e+00,6.062656750451570487e-01
4.070234113712374757e+00,6.065955444257492557e-01
4.090301003344482211e+00,6.069214192213039372e-01
4.110367892976588777e+00,6.072433529069853897e-01
4.130434782608695343e+00,6.075613980765273148e-01
4.150501672240802797e+00,6.078756064571734230e-01
4.170568561872910252e+00,6.081860349321858150e-01
4.190635451505016817e+00,6.084927587673268912e-01
4.210702341137123383e+00,6.087958555355104107e-01
4.230769230769230838e+00,6.090954010519874506e-01
4.250836120401338292e+00,6.093914694122708475e-01
4.270903010033444858e+00,6.096841330351679966e-01
4.290969899665551424e+00,6.099734627044901547e-01
4.311036789297658878e+00,6.102595276095981180e-01
4.331103678929766332e+00,6.105423953846859098e-01
4.351170568561872898e+00,6.108221321470433951e-01
4.371237458193979464e+00,6.110988025340824414e-01
4.391304347826086918e+00,6.113724697393956298e-01
4.411371237458194372e+00,6.116431955477634741e-01
4.431438127090300938e+00,6.119110403691530031e-01
4.451505016722407504e+00,6.121760632717755390e-01
4.471571906354514958e+00,6.124383220142369799e-01
4.491638795986622412e+00,6.126978730767386194e-01
4.511705685618728978e+00,6.129547716914778288e-01
4.531772575250836432e+00,6.132090718721788791e-01
4.551839464882943886e+00,6.134608264428135227e-01
4.571906354515050452e+00,6.137100870655405327e-01
4.591973244147157018e+00,6.139569042679194899e-01
4.612040133779264472e+00,6.142013274693420843e-01
4.632107023411371927e+00,6.144434050067799635e-01
4.652173913043478493e+00,6.146831841598650037e-01
4.672240802675585059e+00,6.149207111752573729e-01
4.692307692307692513e+00,6.151560312904187366e-01
4.712374581939799967e+00,6.153891887567231045e-01
4.732441471571906533e+00,6.156202268619889173e-01
4.752508361204013099e+00,6.158491879523750878e-01
4.772575250836120553e+00,6.160761113352436480e-01
4.792642140468228007e+00,6.163010261290445824e-01
4.812709030100334573e+00,6.165239583259695122e-01
4.832775919732441139e+00,6.167449334618250179e-01
4.852842809364548593e+00,6.169639766255653468e-01
4.872909698996656047e+00,6.171811124684359884e-01
4.892976588628762613e+00,6.173963652129278445e-01
4.913043478260869179e+00,6.176097586614955892e-01
4.933110367892976633e+00,6.178213162051033880e-01
4.953177257525084087e+00,6.180310608315349175e-01
4.973244147157190653e+00,6.182390151335296347e-01
4.993311036789297219e+00,6.184452013167379691e-01
5.013377926421404673e+00,6.186496412074521389e-01
5.033444816053512127e+00,6.188523562602126216e-01
5.053511705685618693e+00,6.190533675651901380e-01
5.073578595317726148e+00,6.192526958554349648e-01
5.093645484949832714e+00,6.194503615139326236e-01
5.113712374581940168e+00,6.196463845805331161e-01
5.133779264214046734e+00,6.198407847586673292e-01
5.153846153846154188e+00,6.200335814219840591e-01
5.173913043478260754e+00,6.202247936207700985e-01
5.193979933110368208e+00,6.204144400882727339e-01
5.214046822742474774e+00,6.206025392468512702e-01
5.234113712374582228e+00,6.207891092140237488e-01
5.254180602006688794e+00,6.209741678083309235e-01
5.274247491638796248e+00,6.211577325551217443e-01
5.294314381270902814e+00,6.213398206921819655e-01
5.314381270903010268e+00,6.215204491752460703e-01
5.334448160535116834e+00,6.216996346833782994e-01
5.354515050167224288e+00,6.218773936242638634e-01
5.374581939799330854e+00,6.220537421393488309e-01
5.394648829431438308e+00,6.222286961089027457e-01
5.414715719063544874e+00,6.224022711569358046e-01
5.434782608695652328e+00,6.225744827108963264e-01
5.454849498327758894e+00,6.227453469433682498e-01
5.474916387959866348e+00,6.229148806310548236e-01
5.494983277591973803e+00,6.230831003013560521e-01
5.515050167224080369e+00,6.232500221996626344e-01
5.535117056856187823e+00,6.234156622947581994e-01
5.555183946488294389e+00,6.235800362842641720e-01
5.575250836120401843e+00,6.237431595999852751e-01
5.595317725752508409e+00,6.239050474131120350e-01
5.615384615384615863e+00,6.240657146393356891e-01
5.635451505016722429e+00,6.242251759438448566e-01
5.655518394648829883e+00,6.243834457462161813e-01
5.675585284280936449e+00,6.245405382251937310e-01
5.695652173913043903e+00,6.246964673233827980e-01
5.715719063545150469e+00,6.248512467518324565e-01
5.735785953177257923e+00,6.250048899945200853e-01
5.755852842809364489e+00,6.251574103127437443e-01
5.775919732441471943e+00,6.253088207494250650e-01
5.795986622073578509e+00,6.254591341333139987e-01
5.816053511705685963e+00,6.256083630831130726e-01
5.836120401337792529e+00,6.257565200115017268e-01
5.856187290969899983e+00,6.259036171290947026e-01
5.876254180602006549e+00,6.260496664482991802e-01
5.896321070234114003e+00,6.261946797870999726e-01
5.916387959866220569e+00,6.263386687727697799e-01
5.936454849498328024e+00,6.264816448454803011e-01
5.956521739130434590e+00,6.266236192618791501e-01
5.976588628762542044e+00,6.267646030985355443e-01
5.996655518394648610e+00,6.269046072553702276e-01
6.016722408026756064e+00,6.270436424589714841e-01
6.036789297658862630e+00,6.271817192658769580e-01
6.056856187290970084e+00,6.273188480657446719e-01
6.076923076923076650e+00,6.274550390845100578e-01
6.096989966555184104e+00,6.275903023874322972e-01
6.117056856187290670e+00,6.277246478821035813e-01
6.137123745819398124e+00,6.278580853213890922e-01
6.157190635451505578e+00,6.279906243063007043e-01
6.177257525083612144e+00,6.281222742888279420e-01
6.197324414715719598e+00,6.282530445746880021e-01
6.217391304347826164e+00,6.283829443287735073e-01
6.237458193979933618e+00,6.285119832208392321e-01
6.257525083612040184e+00,6.286401722294476802e-01
6.277591973244147638e+00,6.287675223518656153e-01
6.297658862876254204e+00,6.288940444023025655e-01
6.317725752508361658e+00,6.290197490154603166e-01
6.337792642140468224e+00,6.291446466500201229e-01
6.357859531772575679e+00,6.292687475920407669e-01
6.377926421404682245e+00,6.293920619582930032e-01
6.397993311036789699e+00,6.295145996995138438e-01
6.418060200668896265e+00,6.296363706035953411e-01
6.438127090301003719e+00,6.297573842987077564e-01
6.458193979933110285e+00,6.298776502563491198e-01
6.478260869565217739e+00,6.299971777943307316e-01
6.498327759197324305e+00,6.301159760797024889e-01
6.518394648829431759e+00,6.302340541316155953e-01
6.538461538461538325e+00,6.303514208241184358e-01
6.558528428093645779e+00,6.304680848888959410e-01
6.578595317725752345e+00,6.305840549179586585e-01
6.598662207357859799e+00,6.306993393662606584e-01
6.618729096989966365e+00,6.308139465542745850e-01
6.638795986622073819e+00,6.309278846705038690e-01
6.658862876254180385e+00,6.310411617739490886e-01
6.678929765886287839e+00,6.311537857965163756e-01
6.698996655518394405e+00,6.312657645453793043e-01
6.719063545150501859e+00,6.313771057052877111e-01
6.739130434782608425e+00,6.314878168408396553e-01
6.759197324414715879e+00,6.315979053986805480e-01
6.779264214046822445e+00,6.317073787096911808e-01
6.799331103678929900e+00,6.318162439911020334e-01
6.819397993311037354e+00,6.319245083485781622e-01
6.839464882943143920e+00,6.320321787782525735e-01
6.859531772575251374e+00,6.321392621687274005e-01
6.879598662207357940e+00,6.322457653030273406e-01
6.899665551839465394e+00,6.323516948605116816e-01
6.919732441471571960e+00,6.324570574187564631e-01
6.939799331103679414e+00,6.325618594553814589e-01
6.959866220735785980e+00,6.326661073498603960e-01
6.979933110367893434e+00,6.327698073852751071e-01
7.000000000000000000e+00,6.328729657500519190e-01
